AAA = 1.7;
BBB = 10;

PV = [10.0, 5.0];
PM = [1.0, 0.2, 0.4; 0.1, 0.7, 0.9];
